Deck size,Moves,Player1Strategy,Player2Strategy,Winner
52,208,0,0,0
52,109,0,0,1
52,281,0,0,1
52,546,0,0,0
52,204,0,0,0
52,1090,0,0,0
52,324,0,0,0
52,100,0,0,0
52,363,0,0,1
52,337,0,0,1
52,869,0,0,1
52,426,0,0,0
52,266,0,0,0
52,366,0,0,0
52,308,0,0,0
52,262,0,0,0
52,66,0,0,0
52,46,0,0,0
52,273,0,0,1
52,352,0,0,0
52,134,0,0,0
52,381,0,0,1
52,252,0,0,0
52,72,0,0,0
52,105,0,0,1
52,516,0,0,0
52,249,0,0,1
52,318,0,0,0
52,861,0,0,1
52,694,0,0,0
52,302,0,0,0
52,817,0,0,1
52,248,0,0,0
52,326,0,0,0
52,438,0,0,1
52,132,0,0,0
52,1079,0,0,1
52,193,0,0,1
52,89,0,0,1
52,380,0,0,0
52,882,0,0,0
52,1206,0,0,0
52,643,0,0,1
52,973,0,0,1
52,173,0,0,1
52,389,0,0,1
52,186,0,0,0
52,434,0,0,0
52,162,0,0,0
52,201,0,0,1
52,669,0,0,1
52,342,0,0,0
52,1003,0,0,1
52,983,0,0,1
52,1317,0,0,1
52,1054,0,0,0
52,571,0,0,1
52,201,0,0,1
52,648,0,0,0
52,144,0,0,0
52,116,0,0,0
52,235,0,0,1
52,284,0,0,0
52,258,0,0,0
52,250,0,0,0
52,46,0,0,0
52,278,0,0,1
52,206,0,0,0
52,625,0,0,1
52,260,0,0,0
52,234,0,0,0
52,356,0,0,0
52,468,0,0,0
52,703,0,0,1
52,338,0,0,0
52,287,0,0,1
52,296,0,0,0
52,1144,0,0,0
52,459,0,0,1
52,79,0,0,1
52,116,0,0,0
52,165,0,0,1
52,508,0,0,0
52,402,0,0,0
52,1104,0,0,0
52,192,0,0,0
52,1078,0,0,0
52,160,0,0,0
52,436,0,0,0
52,403,0,0,1
52,268,0,0,1
52,722,0,0,0
52,554,0,0,0
52,73,0,0,1
52,133,0,0,1
52,409,0,0,1
52,596,0,0,0
52,380,0,0,0
52,94,0,0,0
52,286,0,0,0
52,170,0,0,0
52,1808,0,0,0
52,106,0,0,0
52,2198,0,0,0
52,113,0,0,1
52,1751,0,0,1
52,228,0,0,0
52,503,0,0,1
52,95,0,0,1
52,134,0,0,0
52,278,0,0,0
52,1888,0,0,0
52,304,0,0,0
52,642,0,0,0
52,300,0,0,0
52,977,0,0,1
52,269,0,0,1
52,204,0,0,0
52,1329,0,0,1
52,312,0,0,0
52,1267,0,0,1
52,760,0,0,0
52,383,0,0,1
52,141,0,0,1
52,466,0,0,0
52,380,0,0,0
52,176,0,0,0
52,333,0,0,1
52,243,0,0,1
52,224,0,0,0
52,340,0,0,0
52,142,0,0,0
52,200,0,0,0
52,128,0,0,0
52,315,0,0,1
52,610,0,0,0
52,1116,0,0,0
52,490,0,0,0
52,238,0,0,1
52,570,0,0,0
52,364,0,0,0
52,638,0,0,0
52,516,0,0,0
52,640,0,0,0
52,583,0,0,1
52,87,0,0,1
52,529,0,0,1
52,180,0,0,0
52,871,0,0,1
52,85,0,0,1
52,362,0,0,0
52,898,0,0,0
52,205,0,0,1
52,105,0,0,1
52,387,0,0,1
52,281,0,0,1
52,110,0,0,0
52,279,0,0,1
52,150,0,0,0
52,585,0,0,1
52,210,0,0,0
52,203,0,0,1
52,74,0,0,0
52,582,0,0,0
52,1181,0,0,1
52,364,0,0,0
52,155,0,0,1
52,577,0,0,1
52,192,0,0,0
52,1118,0,0,0
52,77,0,0,1
52,345,0,0,1
52,166,0,0,0
52,227,0,0,1
52,598,0,0,0
52,309,0,0,1
52,291,0,0,1
52,1026,0,0,0
52,1555,0,0,1
52,1238,0,0,0
52,235,0,0,1
52,416,0,0,0
52,179,0,0,1
52,172,0,0,0
52,510,0,0,0
52,124,0,0,1
52,550,0,0,0
52,91,0,0,1
52,263,0,0,1
52,294,0,0,0
52,160,0,0,0
52,258,0,0,0
52,145,0,0,1
52,247,0,0,1
52,466,0,0,0
52,396,0,0,0
52,142,0,0,0
52,524,0,0,0
52,302,0,0,0
52,209,0,0,1
52,332,0,0,0
52,444,0,0,0
52,644,0,0,0
52,781,0,0,1
52,113,0,0,1
52,1131,0,0,1
52,1353,0,0,1
52,433,0,0,1
52,605,0,0,1
52,419,0,0,1
52,192,0,0,1
52,466,0,0,1
52,422,0,0,0
52,524,0,0,0
52,438,0,0,0
52,297,0,0,1
52,234,0,0,0
52,200,0,0,0
52,168,0,0,0
52,237,0,0,1
52,799,0,0,1
52,313,0,0,1
52,276,0,0,0
52,350,0,0,0
52,802,0,0,0
52,628,0,0,0
52,272,0,0,0
52,75,0,0,1
52,225,0,0,1
52,260,0,0,0
52,533,0,0,1
52,375,0,0,1
52,367,0,0,1
52,395,0,0,1
52,302,0,0,0
52,1305,0,0,1
52,148,0,0,0
52,127,0,0,1
52,1381,0,0,1
52,386,0,0,0
52,307,0,0,1
52,133,0,0,1
52,652,0,0,0
52,573,0,0,1
52,516,0,0,0
52,171,0,0,1
52,471,0,0,1
52,584,0,0,0
52,1039,0,0,1
52,138,0,0,0
52,658,0,0,0
52,279,0,0,1
52,366,0,0,0
52,674,0,0,0
52,145,0,0,1
52,634,0,0,0
52,787,0,0,1
52,1175,0,0,1
52,569,0,0,1
52,165,0,0,1
52,789,0,0,1
52,553,0,0,1
52,900,0,0,0
52,930,0,0,0
52,717,0,0,1
52,278,0,0,1
52,378,0,0,0
52,316,0,0,1
52,400,0,0,1
52,837,0,0,1
52,817,0,0,1
52,258,0,0,0
52,1325,0,0,1
52,532,0,0,0
52,113,0,0,1
52,708,0,0,0
52,706,0,0,0
52,107,0,0,1
52,229,0,0,1
52,235,0,0,1
52,490,0,0,0
52,381,0,0,1
52,162,0,0,0
52,323,0,0,1
52,362,0,0,0
52,1010,0,0,0
52,343,0,0,1
52,100,0,0,0
52,294,0,0,0
52,355,0,0,1
52,97,0,0,1
52,1031,0,0,1
52,122,0,0,0
52,452,0,0,0
52,82,0,0,0
52,313,0,0,1
52,370,0,0,0
52,997,0,0,1
52,158,0,0,1
52,218,0,0,0
52,767,0,0,1
52,578,0,0,1
52,254,0,0,0
52,300,0,0,0
52,1477,0,0,1
52,422,0,0,0
52,346,0,0,0
52,818,0,0,0
52,141,0,0,1
52,933,0,0,1
52,897,0,0,1
52,208,0,0,1
52,466,0,0,0
52,444,0,0,1
52,254,0,0,0
52,1297,0,0,1
52,261,0,0,1
52,236,0,0,0
52,132,0,0,0
52,662,0,0,0
52,323,0,0,1
52,274,0,0,0
52,198,0,0,0
52,312,0,0,0
52,502,0,0,0
52,176,0,0,0
52,313,0,0,1
52,603,0,0,1
52,558,0,0,0
52,689,0,0,1
52,611,0,0,0
52,1546,0,0,0
52,361,0,0,1
52,128,0,0,0
52,226,0,0,0
52,570,0,0,0
52,519,0,0,1
52,255,0,0,1
52,84,0,0,0
52,325,0,0,1
52,737,0,0,1
52,480,0,0,0
52,646,0,0,0
52,256,0,0,0
52,111,0,0,1
52,1136,0,0,0
52,130,0,0,0
52,891,0,0,1
52,683,0,0,1
52,807,0,0,1
52,195,0,0,1
52,578,0,0,0
52,636,0,0,0
52,673,0,0,1
52,158,0,0,0
52,1734,0,0,0
52,304,0,0,0
52,429,0,0,1
52,281,0,0,1
52,87,0,0,1
52,293,0,0,1
52,502,0,0,0
52,672,0,0,1
52,732,0,0,0
52,118,0,0,0
52,676,0,0,0
52,481,0,0,1
52,147,0,0,1
52,582,0,0,0
52,910,0,0,0
52,186,0,0,0
52,707,0,0,1
52,522,0,0,0
52,982,0,0,0
52,170,0,0,0
52,501,0,0,1
52,973,0,0,1
52,456,0,0,0
52,474,0,0,0
52,294,0,0,0
52,553,0,0,1
52,69,0,0,1
52,1141,0,0,1
52,749,0,0,1
52,560,0,0,0
52,155,0,0,1
52,337,0,0,1
52,112,0,0,0
52,508,0,0,1
52,183,0,0,1
52,410,0,0,0
52,571,0,0,1
52,174,0,0,0
52,158,0,0,0
52,875,0,0,1
52,292,0,0,0
52,279,0,0,1
52,498,0,0,0
52,104,0,0,1
52,728,0,0,1
52,76,0,0,0
52,1599,0,0,1
52,482,0,0,0
52,274,0,0,0
52,1170,0,0,0
52,182,0,0,0
52,870,0,0,0
52,483,0,0,1
52,728,0,0,0
52,313,0,0,1
52,140,0,0,0
52,267,0,0,1
52,390,0,0,0
52,273,0,0,1
52,719,0,0,1
52,472,0,0,0
52,219,0,0,1
52,534,0,0,0
52,721,0,0,1
52,243,0,0,1
52,473,0,0,1
52,490,0,0,0
52,458,0,0,0
52,148,0,0,0
52,729,0,0,1
52,1596,0,0,0
52,611,0,0,1
52,311,0,0,1
52,925,0,0,1
52,994,0,0,0
52,298,0,0,0
52,657,0,0,1
52,342,0,0,0
52,621,0,0,1
52,162,0,0,0
52,300,0,0,0
52,273,0,0,1
52,200,0,0,0
52,157,0,0,1
52,482,0,0,0
52,1231,0,0,1
52,425,0,0,1
52,524,0,0,0
52,1204,0,0,0
52,464,0,0,0
52,690,0,0,0
52,452,0,0,0
52,423,0,0,1
52,270,0,0,0
52,343,0,0,1
52,788,0,0,0
52,477,0,0,1
52,1739,0,0,1
52,592,0,0,0
52,292,0,0,0
52,638,0,0,0
52,1436,0,0,0
52,515,0,0,1
52,395,0,0,1
52,207,0,0,1
52,315,0,0,1
52,249,0,0,1
52,128,0,0,0
52,438,0,0,0
52,398,0,0,0
52,544,0,0,0
52,202,0,0,0
52,518,0,0,0
52,148,0,0,0
52,789,0,0,1
52,1474,0,0,0
52,915,0,0,1
52,318,0,0,0
52,578,0,0,0
52,994,0,0,0
52,83,0,0,1
52,764,0,0,0
52,172,0,0,0
52,430,0,0,0
52,570,0,0,0
52,593,0,0,1
52,250,0,0,0
52,1560,0,0,0
52,1496,0,0,0
52,117,0,0,1
52,623,0,0,1
52,638,0,0,0
52,1597,0,0,1
52,1152,0,0,0
52,300,0,0,0
52,320,0,0,1
52,632,0,0,0
52,146,0,0,0
52,1175,0,0,1
52,416,0,0,0
52,382,0,0,0
52,386,0,0,0
52,506,0,0,0
52,575,0,0,1
52,664,0,0,0
52,120,0,0,0
52,597,0,0,1
52,378,0,0,1
52,314,0,0,0
52,372,0,0,0
52,88,0,0,0
52,940,0,0,0
52,480,0,0,0
52,242,0,0,0
52,616,0,0,0
52,64,0,0,0
52,794,0,0,0
52,220,0,0,0
52,932,0,0,0
52,155,0,0,1
52,1571,0,0,1
52,1528,0,0,0
52,119,0,0,1
52,166,0,0,1
52,178,0,0,0
52,615,0,0,1
52,488,0,0,0
52,548,0,0,0
52,150,0,0,0
52,1153,0,0,1
52,583,0,0,1
52,453,0,0,1
52,407,0,0,1
52,259,0,0,1
52,756,0,0,0
52,765,0,0,1
52,540,0,0,0
52,130,0,0,0
52,2704,0,0,0
52,623,0,0,1
52,351,0,0,1
52,217,0,0,1
52,128,0,0,0
52,277,0,0,1
52,282,0,0,0
52,153,0,0,1
52,373,0,0,1
52,227,0,0,1
52,987,0,0,1
52,2227,0,0,1
52,576,0,0,0
52,795,0,0,1
52,1328,0,0,0
52,571,0,0,1
52,107,0,0,1
52,66,0,0,0
52,314,0,0,0
52,140,0,0,0
52,876,0,0,0
52,633,0,0,0
52,302,0,0,0
52,574,0,0,0
52,923,0,0,1
52,290,0,0,0
52,414,0,0,1
52,928,0,0,0
52,1056,0,0,0
52,397,0,0,1
52,417,0,0,1
52,336,0,0,1
52,283,0,0,1
52,327,0,0,1
52,326,0,0,0
52,143,0,0,1
52,834,0,0,0
52,300,0,0,0
52,926,0,0,0
52,85,0,0,1
52,306,0,0,0
52,1314,0,0,0
52,2948,0,0,0
52,454,0,0,0
52,294,0,0,0
52,850,0,0,0
52,1373,0,0,1
52,237,0,0,1
52,962,0,0,0
52,215,0,0,1
52,113,0,0,1
52,213,0,0,1
52,664,0,0,0
52,166,0,0,0
52,286,0,0,0
52,302,0,0,0
52,165,0,0,1
52,665,0,0,1
52,1157,0,0,1
52,234,0,0,0
52,192,0,0,0
52,363,0,0,1
52,211,0,0,1
52,940,0,0,1
52,122,0,0,0
52,301,0,0,1
52,861,0,0,1
52,451,0,0,1
52,129,0,0,1
52,505,0,0,1
52,566,0,0,0
52,98,0,0,0
52,614,0,0,0
52,370,0,0,0
52,687,0,0,0
52,936,0,0,0
52,624,0,0,0
52,266,0,0,0
52,363,0,0,1
52,306,0,0,0
52,1047,0,0,1
52,123,0,0,1
52,199,0,0,1
52,734,0,0,0
52,664,0,0,0
52,280,0,0,0
52,270,0,0,0
52,827,0,0,1
52,1119,0,0,1
52,126,0,0,0
52,680,0,0,0
52,326,0,0,0
52,560,0,0,0
52,801,0,0,1
52,912,0,0,0
52,730,0,0,0
52,393,0,0,1
52,169,0,0,1
52,145,0,0,1
52,108,0,0,0
52,701,0,0,1
52,925,0,0,1
52,116,0,0,0
52,1495,0,0,1
52,294,0,0,0
52,123,0,0,1
52,637,0,0,1
52,419,0,0,1
52,117,0,0,1
52,343,0,0,1
52,746,0,0,0
52,165,0,0,1
52,700,0,0,0
52,1264,0,0,0
52,277,0,0,1
52,274,0,0,0
52,168,0,0,0
52,232,0,0,0
52,332,0,0,0
52,1213,0,0,1
52,436,0,0,0
52,100,0,0,0
52,183,0,0,1
52,818,0,0,0
52,417,0,0,1
52,117,0,0,1
52,479,0,0,1
52,344,0,0,0
52,279,0,0,1
52,630,0,0,0
52,140,0,0,0
52,394,0,0,0
52,68,0,0,0
52,488,0,0,0
52,264,0,0,0
52,467,0,0,1
52,2178,0,0,0
52,461,0,0,1
52,620,0,0,0
52,250,0,0,0
52,336,0,0,0
52,95,0,0,1
52,106,0,0,0
52,432,0,0,0
52,474,0,0,0
52,222,0,0,0
52,448,0,0,0
52,107,0,0,1
52,291,0,0,1
52,113,0,0,1
52,412,0,0,0
52,490,0,0,0
52,1004,0,0,0
52,252,0,0,0
52,263,0,0,1
52,296,0,0,0
52,716,0,0,0
52,674,0,0,0
52,317,0,0,1
52,200,0,0,0
52,508,0,0,1
52,116,0,0,1
52,778,0,0,1
52,125,0,0,1
52,1328,0,0,0
52,1393,0,0,1
52,255,0,0,1
52,132,0,0,0
52,540,0,0,0
52,475,0,0,1
52,177,0,0,1
52,510,0,0,0
52,256,0,0,0
52,335,0,0,1
52,865,0,0,1
52,1124,0,0,0
52,144,0,0,0
52,234,0,0,0
52,152,0,0,0
52,344,0,0,0
52,99,0,0,1
52,487,0,0,1
52,1261,0,0,1
52,408,0,0,0
52,242,0,0,0
52,703,0,0,1
52,325,0,0,1
52,384,0,0,0
52,172,0,0,0
52,119,0,0,1
52,127,0,0,1
52,296,0,0,0
52,183,0,0,1
52,145,0,0,1
52,126,0,0,0
52,492,0,0,0
52,114,0,0,0
52,372,0,0,0
52,414,0,0,0
52,2594,0,0,0
52,885,0,0,1
52,764,0,0,0
52,489,0,0,1
52,290,0,0,0
52,230,0,0,0
52,370,0,0,0
52,546,0,0,0
52,522,0,0,0
52,719,0,0,1
52,59,0,0,1
52,489,0,0,1
52,250,0,0,0
52,299,0,0,1
52,683,0,0,1
52,507,0,0,1
52,591,0,0,1
52,699,0,0,1
52,496,0,0,0
52,679,0,0,1
52,334,0,0,0
52,654,0,0,0
52,347,0,0,1
52,314,0,0,0
52,245,0,0,1
52,343,0,0,1
52,1181,0,0,1
52,84,0,0,0
52,330,0,0,0
52,168,0,0,0
52,295,0,0,1
52,310,0,0,0
52,572,0,0,0
52,377,0,0,1
52,128,0,0,1
52,262,0,0,0
52,96,0,0,0
52,737,0,0,1
52,411,0,0,1
52,269,0,0,1
52,135,0,0,1
52,83,0,0,1
52,380,0,0,0
52,746,0,0,0
52,554,0,0,0
52,664,0,0,0
52,269,0,0,1
52,490,0,0,1
52,439,0,0,1
52,746,0,0,0
52,409,0,0,1
52,327,0,0,1
52,293,0,0,1
52,110,0,0,0
52,1043,0,0,1
52,162,0,0,0
52,679,0,0,1
52,394,0,0,0
52,1016,0,0,0
52,471,0,0,1
52,261,0,0,1
52,318,0,0,0
52,702,0,0,0
52,821,0,0,1
52,262,0,0,0
52,131,0,0,1
52,448,0,0,0
52,250,0,0,0
52,565,0,0,1
52,613,0,0,1
52,371,0,0,1
52,400,0,0,0
52,636,0,0,0
52,448,0,0,1
52,151,0,0,1
52,238,0,0,1
52,191,0,0,1
52,837,0,0,1
52,628,0,0,0
52,610,0,0,0
52,1154,0,0,0
52,70,0,0,0
52,176,0,0,0
52,60,0,0,0
52,369,0,0,1
52,1143,0,0,1
52,260,0,0,0
52,145,0,0,1
52,322,0,0,0
52,320,0,0,0
52,135,0,0,1
52,171,0,0,1
52,715,0,0,1
52,147,0,0,1
52,439,0,0,1
52,851,0,0,1
52,916,0,0,0
52,335,0,0,1
52,508,0,0,0
52,536,0,0,0
52,1812,0,0,0
52,293,0,0,1
52,181,0,0,1
52,275,0,0,1
52,350,0,0,1
52,396,0,0,0
52,68,0,0,0
52,77,0,0,1
52,1324,0,0,0
52,1300,0,0,0
52,721,0,0,1
52,340,0,0,0
52,92,0,0,0
52,897,0,0,1
52,92,0,0,0
52,415,0,0,1
52,118,0,0,0
52,218,0,0,0
52,344,0,0,0
52,170,0,0,0
52,420,0,0,0
52,700,0,0,0
52,120,0,0,0
52,663,0,0,1
52,190,0,0,1
52,390,0,0,0
52,691,0,0,1
52,1110,0,0,0
52,668,0,0,0
52,537,0,0,1
52,490,0,0,0
52,504,0,0,0
52,313,0,0,1
52,217,0,0,1
52,162,0,0,0
52,122,0,0,0
52,983,0,0,1
52,914,0,0,0
52,327,0,0,1
52,315,0,0,1
52,464,0,0,0
52,328,0,0,0
52,238,0,0,0
52,288,0,0,0
52,190,0,0,0
52,250,0,0,0
52,273,0,0,1
52,115,0,0,1
52,254,0,0,0
52,224,0,0,1
52,1186,0,0,0
52,450,0,0,0
52,219,0,0,1
52,350,0,0,0
52,716,0,0,0
52,143,0,0,1
52,1304,0,0,0
52,2144,0,0,0
52,274,0,0,0
52,98,0,0,0
52,111,0,0,1
52,785,0,0,1
52,776,0,0,0
52,260,0,0,0
52,396,0,0,0
52,1829,0,0,1
52,507,0,0,1
52,270,0,0,0
52,246,0,0,0
52,497,0,0,1
52,69,0,0,1
52,494,0,0,0
52,1506,0,0,0
52,1071,0,0,1
52,455,0,0,1
52,601,0,0,1
52,1299,0,0,1
52,244,0,0,0
52,544,0,0,0
52,310,0,0,0
52,78,0,0,0
52,780,0,0,0
52,630,0,0,0
52,274,0,0,0
52,449,0,0,1
52,410,0,0,0
52,166,0,0,0
52,893,0,0,1
52,332,0,0,0
52,438,0,0,1
52,216,0,0,0
52,115,0,0,1
52,1523,0,0,1
52,282,0,0,0
52,179,0,0,1
52,149,0,0,1
52,465,0,0,1
52,1013,0,0,1
52,299,0,0,1
52,122,0,0,0
52,377,0,0,1
52,288,0,0,0
52,123,0,0,1
52,546,0,0,0
52,195,0,0,1
52,115,0,0,1
52,917,0,0,1
52,132,0,0,0
52,570,0,0,0
52,204,0,0,0
52,388,0,0,0
52,331,0,0,1
52,337,0,0,1
52,272,0,0,0
52,142,0,0,1
52,464,0,0,0
52,681,0,0,1
52,471,0,0,1
52,129,0,0,1
52,611,0,0,1
52,628,0,0,1
52,194,0,0,0
52,424,0,0,0
52,674,0,0,0
52,192,0,0,0
52,876,0,0,0
52,1614,0,0,0
52,518,0,0,0
52,455,0,0,1
52,279,0,0,1
52,337,0,0,1
52,421,0,0,1
52,280,0,0,0
52,178,0,0,0
52,610,0,0,0
52,201,0,0,1
52,763,0,0,1
52,335,0,0,1
52,458,0,0,0
52,203,0,0,1
52,406,0,0,0
52,223,0,0,1
52,501,0,0,1
52,217,0,0,1
52,505,0,0,1
52,234,0,0,0
52,284,0,0,0
52,174,0,0,0
52,410,0,0,0
52,138,0,0,0
52,101,0,0,1
52,433,0,0,1
52,491,0,0,1
52,321,0,0,1
52,137,0,0,1
52,328,0,0,0
52,113,0,0,1
52,306,0,0,0
52,142,0,0,0
52,494,0,0,0
52,390,0,0,0
52,298,0,0,0
52,334,0,0,0
52,505,0,0,1
52,370,0,0,0
52,161,0,0,1
52,749,0,0,1
52,1211,0,0,1
