Deck size,Moves,Player1Strategy,Player2Strategy,Winner
52,37424,2,2,0
52,-1,2,2,0
52,-1,2,2,0
52,-1,2,2,0
52,-1,2,2,0
52,-1,2,2,0
52,119,2,2,1
52,-1,2,2,1
52,-1,2,2,1
52,-1,2,2,1
52,519,2,2,1
52,184,2,2,0
52,-1,2,2,0
52,-1,2,2,0
52,-1,2,2,0
52,204,2,2,1
52,15198,2,2,0
52,17206,2,2,0
52,-1,2,2,0
52,-1,2,2,0
52,-1,2,2,0
52,-1,2,2,0
52,-1,2,2,0
52,-1,2,2,0
52,-1,2,2,0
52,89,2,2,1
52,-1,2,2,1
52,-1,2,2,1
52,-1,2,2,1
52,-1,2,2,1
52,16276,2,2,0
52,210,2,2,0
52,-1,2,2,0
52,-1,2,2,0
52,-1,2,2,0
52,228,2,2,0
52,70,2,2,0
52,191,2,2,1
52,334,2,2,0
52,-1,2,2,0
52,-1,2,2,0
52,-1,2,2,0
52,-1,2,2,0
52,-1,2,2,0
52,-1,2,2,0
52,41078,2,2,0
52,-1,2,2,0
52,260,2,2,0
52,-1,2,2,0
52,400,2,2,0
52,-1,2,2,0
52,-1,2,2,0
52,-1,2,2,0
52,212,2,2,0
52,-1,2,2,0
52,-1,2,2,0
52,-1,2,2,0
52,-1,2,2,0
52,-1,2,2,0
52,-1,2,2,0
52,13632,2,2,0
52,-1,2,2,0
52,249,2,2,1
52,-1,2,2,1
52,-1,2,2,1
52,-1,2,2,1
52,-1,2,2,1
52,-1,2,2,1
52,-1,2,2,1
52,-1,2,2,1
52,-1,2,2,1
52,-1,2,2,1
52,-1,2,2,1
52,-1,2,2,1
52,-1,2,2,1
52,19960,2,2,0
52,23082,2,2,0
52,15886,2,2,0
52,-1,2,2,0
52,-1,2,2,0
52,-1,2,2,0
52,-1,2,2,0
52,-1,2,2,0
52,-1,2,2,0
52,-1,2,2,0
52,-1,2,2,0
52,-1,2,2,0
52,-1,2,2,0
52,-1,2,2,0
52,-1,2,2,0
52,96,2,2,0
52,-1,2,2,0
52,-1,2,2,0
52,-1,2,2,0
52,-1,2,2,0
52,-1,2,2,0
52,324,2,2,0
52,-1,2,2,0
52,-1,2,2,0
52,-1,2,2,0
52,-1,2,2,0
52,-1,2,2,0
52,-1,2,2,0
52,187,2,2,1
52,-1,2,2,1
52,3640,2,2,0
52,-1,2,2,0
52,127,2,2,1
52,-1,2,2,1
52,-1,2,2,1
52,-1,2,2,1
52,-1,2,2,1
52,-1,2,2,1
52,303,2,2,1
52,-1,2,2,1
52,-1,2,2,1
52,-1,2,2,1
52,-1,2,2,1
52,-1,2,2,1
52,-1,2,2,1
52,-1,2,2,0
52,-1,2,2,0
52,-1,2,2,0
52,-1,2,2,0
52,289,2,2,1
52,-1,2,2,1
52,-1,2,2,1
52,233,2,2,1
52,-1,2,2,1
52,-1,2,2,1
52,-1,2,2,1
52,-1,2,2,1
52,-1,2,2,1
52,-1,2,2,1
52,-1,2,2,1
52,34792,2,2,0
52,-1,2,2,0
52,-1,2,2,0
52,-1,2,2,0
52,-1,2,2,0
52,311,2,2,1
52,-1,2,2,1
52,-1,2,2,1
52,-1,2,2,1
52,-1,2,2,1
52,-1,2,2,1
52,-1,2,2,1
52,-1,2,2,1
52,-1,2,2,1
52,-1,2,2,1
52,179,2,2,1
52,-1,2,2,1
52,475,2,2,1
52,-1,2,2,1
52,-1,2,2,1
52,-1,2,2,1
52,-1,2,2,1
52,-1,2,2,1
52,-1,2,2,1
52,-1,2,2,1
52,-1,2,2,1
52,-1,2,2,1
52,-1,2,2,1
52,-1,2,2,1
52,-1,2,2,1
52,-1,2,2,1
52,-1,2,2,1
52,-1,2,2,1
52,-1,2,2,1
52,219,2,2,1
52,143,2,2,1
52,-1,2,2,1
52,-1,2,2,1
52,-1,2,2,1
52,281,2,2,1
52,-1,2,2,1
52,-1,2,2,1
52,313,2,2,1
52,-1,2,2,1
52,-1,2,2,1
52,-1,2,2,1
52,-1,2,2,1
52,-1,2,2,1
52,-1,2,2,1
52,-1,2,2,1
52,4264,2,2,0
52,-1,2,2,0
52,153,2,2,1
52,-1,2,2,1
52,-1,2,2,1
52,-1,2,2,1
52,-1,2,2,1
52,-1,2,2,1
52,-1,2,2,1
52,-1,2,2,1
52,-1,2,2,1
52,153,2,2,1
52,-1,2,2,1
52,-1,2,2,1
52,-1,2,2,1
52,-1,2,2,1
52,-1,2,2,1
52,-1,2,2,1
52,-1,2,2,1
52,-1,2,2,1
52,-1,2,2,1
52,347,2,2,1
52,-1,2,2,1
52,188,2,2,0
52,-1,2,2,0
52,-1,2,2,0
52,-1,2,2,0
52,-1,2,2,0
52,-1,2,2,0
52,-1,2,2,0
52,-1,2,2,0
52,-1,2,2,0
52,-1,2,2,0
52,-1,2,2,0
52,-1,2,2,0
52,-1,2,2,0
52,-1,2,2,0
52,188,2,2,0
52,-1,2,2,0
52,-1,2,2,0
52,-1,2,2,0
52,-1,2,2,0
52,-1,2,2,0
52,-1,2,2,0
52,122,2,2,0
52,-1,2,2,0
52,83,2,2,1
52,-1,2,2,1
52,-1,2,2,1
52,146,2,2,0
52,32904,2,2,0
52,-1,2,2,0
52,-1,2,2,0
52,-1,2,2,0
52,-1,2,2,0
52,-1,2,2,0
52,94,2,2,0
52,-1,2,2,0
52,-1,2,2,0
52,-1,2,2,0
52,-1,2,2,0
52,-1,2,2,0
52,107,2,2,1
52,-1,2,2,1
52,-1,2,2,1
52,-1,2,2,1
52,-1,2,2,1
52,-1,2,2,1
52,-1,2,2,1
52,-1,2,2,1
52,-1,2,2,1
52,-1,2,2,1
52,-1,2,2,1
52,-1,2,2,1
52,-1,2,2,1
52,601,2,2,1
52,-1,2,2,1
52,-1,2,2,1
52,-1,2,2,1
52,-1,2,2,1
52,-1,2,2,1
52,138,2,2,0
52,-1,2,2,0
52,265,2,2,1
52,-1,2,2,1
52,-1,2,2,1
52,-1,2,2,1
52,-1,2,2,1
52,-1,2,2,1
52,-1,2,2,1
52,-1,2,2,1
52,-1,2,2,1
52,-1,2,2,1
52,-1,2,2,1
52,-1,2,2,1
52,-1,2,2,1
52,-1,2,2,1
52,-1,2,2,1
52,-1,2,2,1
52,-1,2,2,1
52,190,2,2,0
52,-1,2,2,0
52,-1,2,2,0
52,-1,2,2,0
52,-1,2,2,0
52,-1,2,2,0
52,-1,2,2,0
52,-1,2,2,0
52,-1,2,2,0
52,-1,2,2,0
52,-1,2,2,0
52,-1,2,2,0
52,-1,2,2,0
52,-1,2,2,0
52,-1,2,2,0
52,-1,2,2,0
52,-1,2,2,0
52,-1,2,2,0
52,-1,2,2,0
52,-1,2,2,0
52,-1,2,2,0
52,-1,2,2,0
52,-1,2,2,0
52,-1,2,2,0
52,-1,2,2,0
52,-1,2,2,0
52,-1,2,2,0
52,-1,2,2,0
52,-1,2,2,0
52,-1,2,2,0
52,-1,2,2,0
52,-1,2,2,0
52,-1,2,2,0
52,-1,2,2,0
52,-1,2,2,0
52,-1,2,2,0
52,83,2,2,1
52,-1,2,2,1
52,-1,2,2,1
52,161,2,2,1
52,-1,2,2,1
52,-1,2,2,1
52,-1,2,2,1
52,-1,2,2,1
52,-1,2,2,1
52,-1,2,2,1
52,-1,2,2,1
52,-1,2,2,1
52,-1,2,2,1
52,-1,2,2,1
52,1374,2,2,0
52,-1,2,2,0
52,-1,2,2,0
52,-1,2,2,0
52,118,2,2,0
52,-1,2,2,0
52,-1,2,2,0
52,-1,2,2,0
52,-1,2,2,0
52,-1,2,2,0
52,-1,2,2,0
52,-1,2,2,0
52,-1,2,2,0
52,-1,2,2,0
52,-1,2,2,0
52,-1,2,2,0
52,-1,2,2,0
52,-1,2,2,0
52,-1,2,2,0
52,142,2,2,0
52,-1,2,2,0
52,-1,2,2,0
52,-1,2,2,0
52,-1,2,2,0
52,-1,2,2,0
52,-1,2,2,0
52,208,2,2,0
52,-1,2,2,0
52,87,2,2,1
52,-1,2,2,1
52,148,2,2,0
52,-1,2,2,0
52,-1,2,2,0
52,-1,2,2,0
52,-1,2,2,0
52,-1,2,2,0
52,-1,2,2,0
52,-1,2,2,0
52,-1,2,2,0
52,-1,2,2,0
52,224,2,2,0
52,-1,2,2,0
52,-1,2,2,0
52,-1,2,2,0
52,182,2,2,0
52,-1,2,2,0
52,-1,2,2,0
52,-1,2,2,0
52,-1,2,2,0
52,-1,2,2,0
52,-1,2,2,0
52,-1,2,2,0
52,-1,2,2,0
52,-1,2,2,0
52,-1,2,2,0
52,162,2,2,0
52,-1,2,2,0
52,-1,2,2,0
52,-1,2,2,0
52,-1,2,2,0
52,152,2,2,0
52,-1,2,2,0
52,-1,2,2,0
52,-1,2,2,0
52,-1,2,2,0
52,62,2,2,0
52,-1,2,2,0
52,141,2,2,1
52,-1,2,2,1
52,-1,2,2,1
52,82,2,2,0
52,-1,2,2,0
52,-1,2,2,0
52,-1,2,2,0
52,-1,2,2,0
52,-1,2,2,0
52,-1,2,2,0
52,-1,2,2,0
52,-1,2,2,0
52,-1,2,2,0
52,-1,2,2,0
52,-1,2,2,0
52,-1,2,2,0
52,-1,2,2,0
52,-1,2,2,0
52,-1,2,2,0
52,-1,2,2,0
52,-1,2,2,0
52,-1,2,2,0
52,-1,2,2,0
52,-1,2,2,0
52,-1,2,2,0
52,-1,2,2,0
52,-1,2,2,0
52,-1,2,2,0
52,-1,2,2,0
52,49,2,2,1
52,-1,2,2,1
52,-1,2,2,1
52,-1,2,2,1
52,-1,2,2,1
52,-1,2,2,1
52,-1,2,2,1
52,-1,2,2,1
52,-1,2,2,1
52,-1,2,2,1
52,-1,2,2,1
52,-1,2,2,1
52,-1,2,2,1
52,137,2,2,1
52,-1,2,2,1
52,-1,2,2,1
52,-1,2,2,1
52,-1,2,2,1
52,-1,2,2,1
52,-1,2,2,1
52,172,2,2,0
52,569,2,2,1
52,-1,2,2,1
52,-1,2,2,1
52,-1,2,2,1
52,-1,2,2,1
52,-1,2,2,1
52,-1,2,2,1
52,-1,2,2,1
52,-1,2,2,1
52,-1,2,2,1
52,-1,2,2,1
52,-1,2,2,1
52,-1,2,2,1
52,-1,2,2,1
52,-1,2,2,1
52,-1,2,2,1
52,98,2,2,0
52,-1,2,2,0
52,-1,2,2,0
52,-1,2,2,0
52,-1,2,2,0
52,-1,2,2,0
52,-1,2,2,0
52,-1,2,2,0
52,193,2,2,1
52,-1,2,2,1
52,478,2,2,0
52,-1,2,2,0
52,-1,2,2,0
52,-1,2,2,0
52,-1,2,2,0
52,-1,2,2,0
52,-1,2,2,0
52,-1,2,2,0
52,-1,2,2,0
52,-1,2,2,0
52,-1,2,2,0
52,-1,2,2,0
52,-1,2,2,0
52,-1,2,2,0
52,-1,2,2,0
52,-1,2,2,0
52,-1,2,2,0
52,402,2,2,0
52,-1,2,2,0
52,-1,2,2,0
52,-1,2,2,0
52,-1,2,2,0
52,-1,2,2,0
52,-1,2,2,0
52,-1,2,2,0
52,-1,2,2,0
52,-1,2,2,0
52,-1,2,2,0
52,-1,2,2,0
52,-1,2,2,0
52,-1,2,2,0
52,-1,2,2,0
52,-1,2,2,0
52,-1,2,2,0
52,-1,2,2,0
52,-1,2,2,0
52,-1,2,2,0
52,-1,2,2,0
52,-1,2,2,0
52,-1,2,2,0
52,-1,2,2,0
52,-1,2,2,0
52,-1,2,2,0
52,-1,2,2,0
52,-1,2,2,0
52,-1,2,2,0
52,-1,2,2,0
52,-1,2,2,0
52,-1,2,2,0
52,-1,2,2,0
52,157,2,2,1
52,-1,2,2,1
52,-1,2,2,1
52,-1,2,2,1
52,-1,2,2,1
52,-1,2,2,1
52,-1,2,2,1
52,-1,2,2,1
52,-1,2,2,1
52,-1,2,2,1
52,-1,2,2,1
52,145,2,2,1
52,166,2,2,0
52,-1,2,2,0
52,-1,2,2,0
52,-1,2,2,0
52,-1,2,2,0
52,-1,2,2,0
52,-1,2,2,0
52,-1,2,2,0
52,-1,2,2,0
52,-1,2,2,0
52,-1,2,2,0
52,-1,2,2,0
52,-1,2,2,0
52,-1,2,2,0
52,-1,2,2,0
52,148,2,2,0
52,-1,2,2,0
52,-1,2,2,0
52,-1,2,2,0
52,-1,2,2,0
52,225,2,2,1
52,-1,2,2,1
52,-1,2,2,1
52,-1,2,2,1
52,-1,2,2,1
52,-1,2,2,1
52,-1,2,2,1
52,-1,2,2,1
52,-1,2,2,1
52,-1,2,2,1
52,-1,2,2,1
52,-1,2,2,1
52,-1,2,2,1
52,-1,2,2,1
52,-1,2,2,1
52,-1,2,2,1
52,-1,2,2,1
52,-1,2,2,1
52,-1,2,2,1
52,-1,2,2,1
52,-1,2,2,1
52,-1,2,2,1
52,-1,2,2,1
52,-1,2,2,1
52,-1,2,2,1
52,35442,2,2,0
52,-1,2,2,0
52,-1,2,2,0
52,-1,2,2,0
52,-1,2,2,0
52,-1,2,2,0
52,-1,2,2,0
52,-1,2,2,0
52,-1,2,2,0
52,-1,2,2,0
52,-1,2,2,0
52,-1,2,2,0
52,-1,2,2,0
52,-1,2,2,0
52,-1,2,2,0
52,-1,2,2,0
52,-1,2,2,0
52,-1,2,2,0
52,132,2,2,0
52,-1,2,2,0
52,-1,2,2,0
52,-1,2,2,0
52,-1,2,2,0
52,232,2,2,0
52,-1,2,2,0
52,-1,2,2,0
52,-1,2,2,0
52,-1,2,2,0
52,-1,2,2,0
52,-1,2,2,0
52,118,2,2,0
52,-1,2,2,0
52,-1,2,2,0
52,-1,2,2,0
52,-1,2,2,0
52,-1,2,2,0
52,-1,2,2,0
52,-1,2,2,0
52,-1,2,2,0
52,-1,2,2,0
52,-1,2,2,0
52,-1,2,2,0
52,101,2,2,1
52,-1,2,2,1
52,-1,2,2,1
52,-1,2,2,1
52,195,2,2,1
52,-1,2,2,1
52,-1,2,2,1
52,-1,2,2,1
52,-1,2,2,1
52,390,2,2,0
52,112,2,2,0
52,-1,2,2,0
52,-1,2,2,0
52,-1,2,2,0
52,534,2,2,0
52,-1,2,2,0
52,-1,2,2,0
52,373,2,2,1
52,-1,2,2,1
52,-1,2,2,1
52,-1,2,2,1
52,-1,2,2,1
52,221,2,2,1
52,-1,2,2,1
52,-1,2,2,1
52,-1,2,2,1
52,-1,2,2,1
52,-1,2,2,1
52,-1,2,2,1
52,-1,2,2,1
52,-1,2,2,1
52,-1,2,2,1
52,-1,2,2,1
52,-1,2,2,1
52,-1,2,2,1
52,-1,2,2,1
52,-1,2,2,1
52,-1,2,2,1
52,-1,2,2,1
52,-1,2,2,1
52,-1,2,2,1
52,-1,2,2,1
52,-1,2,2,1
52,-1,2,2,1
52,-1,2,2,1
52,-1,2,2,1
52,-1,2,2,1
52,-1,2,2,1
52,-1,2,2,1
52,-1,2,2,1
52,-1,2,2,1
52,-1,2,2,1
52,-1,2,2,1
52,-1,2,2,1
52,-1,2,2,1
52,-1,2,2,1
52,-1,2,2,1
52,-1,2,2,1
52,119,2,2,1
52,-1,2,2,1
52,-1,2,2,1
52,-1,2,2,1
52,-1,2,2,1
52,-1,2,2,1
52,-1,2,2,1
52,-1,2,2,1
52,-1,2,2,1
52,99,2,2,1
52,-1,2,2,1
52,-1,2,2,1
52,191,2,2,1
52,365,2,2,1
52,-1,2,2,1
52,-1,2,2,1
52,-1,2,2,1
52,-1,2,2,1
52,171,2,2,1
52,137,2,2,1
52,-1,2,2,1
52,-1,2,2,1
52,-1,2,2,1
52,-1,2,2,1
52,407,2,2,1
52,-1,2,2,1
52,-1,2,2,1
52,-1,2,2,1
52,-1,2,2,1
52,-1,2,2,1
52,-1,2,2,1
52,-1,2,2,1
52,-1,2,2,1
52,-1,2,2,1
52,-1,2,2,1
52,-1,2,2,1
52,333,2,2,1
52,-1,2,2,1
52,-1,2,2,1
52,-1,2,2,1
52,-1,2,2,1
52,-1,2,2,1
52,-1,2,2,1
52,-1,2,2,1
52,121,2,2,1
52,-1,2,2,1
52,155,2,2,1
52,-1,2,2,1
52,-1,2,2,1
52,-1,2,2,1
52,-1,2,2,1
52,-1,2,2,1
52,-1,2,2,1
52,-1,2,2,1
52,-1,2,2,1
52,-1,2,2,1
52,-1,2,2,1
52,-1,2,2,1
52,-1,2,2,1
52,-1,2,2,1
52,-1,2,2,1
52,-1,2,2,1
52,-1,2,2,1
52,-1,2,2,1
52,-1,2,2,1
52,-1,2,2,1
52,-1,2,2,1
52,-1,2,2,1
52,-1,2,2,1
52,201,2,2,1
52,-1,2,2,1
52,-1,2,2,1
52,-1,2,2,1
52,-1,2,2,1
52,-1,2,2,1
52,91,2,2,1
52,-1,2,2,1
52,-1,2,2,1
52,-1,2,2,1
52,321,2,2,1
52,-1,2,2,1
52,-1,2,2,1
52,-1,2,2,1
52,-1,2,2,1
52,-1,2,2,1
52,-1,2,2,1
52,-1,2,2,1
52,-1,2,2,1
52,170,2,2,0
52,-1,2,2,0
52,-1,2,2,0
52,-1,2,2,0
52,-1,2,2,0
52,-1,2,2,0
52,106,2,2,0
52,-1,2,2,0
52,-1,2,2,0
52,-1,2,2,0
52,-1,2,2,0
52,-1,2,2,0
52,-1,2,2,0
52,-1,2,2,0
52,-1,2,2,0
52,-1,2,2,0
52,-1,2,2,0
52,-1,2,2,0
52,-1,2,2,0
52,-1,2,2,0
52,-1,2,2,0
52,-1,2,2,0
52,-1,2,2,0
52,-1,2,2,0
52,-1,2,2,0
52,212,2,2,0
52,-1,2,2,0
52,-1,2,2,0
52,-1,2,2,0
52,-1,2,2,0
52,-1,2,2,0
52,-1,2,2,0
52,-1,2,2,0
52,-1,2,2,0
52,-1,2,2,0
52,-1,2,2,0
52,-1,2,2,0
52,-1,2,2,0
52,-1,2,2,0
52,96,2,2,0
52,161,2,2,1
52,280,2,2,0
52,-1,2,2,0
52,-1,2,2,0
52,-1,2,2,0
52,-1,2,2,0
52,-1,2,2,0
52,-1,2,2,0
52,-1,2,2,0
52,-1,2,2,0
52,-1,2,2,0
52,-1,2,2,0
52,-1,2,2,0
52,-1,2,2,0
52,-1,2,2,0
52,-1,2,2,0
52,-1,2,2,0
52,-1,2,2,0
52,-1,2,2,0
52,-1,2,2,0
52,-1,2,2,0
52,-1,2,2,0
52,7932,2,2,1
52,14896,2,2,0
52,-1,2,2,0
52,-1,2,2,0
52,-1,2,2,0
52,-1,2,2,0
52,-1,2,2,0
52,-1,2,2,0
52,256,2,2,0
52,-1,2,2,0
52,-1,2,2,0
52,-1,2,2,0
52,325,2,2,1
52,-1,2,2,1
52,-1,2,2,1
52,-1,2,2,1
52,-1,2,2,1
52,-1,2,2,1
52,-1,2,2,1
52,-1,2,2,1
52,-1,2,2,1
52,-1,2,2,1
52,-1,2,2,1
52,-1,2,2,1
52,-1,2,2,1
52,-1,2,2,1
52,137,2,2,1
52,-1,2,2,1
52,-1,2,2,1
52,-1,2,2,1
52,-1,2,2,1
52,-1,2,2,1
52,-1,2,2,1
52,-1,2,2,1
52,-1,2,2,1
52,-1,2,2,1
52,403,2,2,1
52,-1,2,2,1
52,-1,2,2,1
52,-1,2,2,1
52,-1,2,2,1
52,-1,2,2,1
52,-1,2,2,1
52,-1,2,2,1
52,199,2,2,1
52,-1,2,2,1
52,-1,2,2,1
52,-1,2,2,1
52,-1,2,2,1
52,-1,2,2,1
52,-1,2,2,1
52,-1,2,2,1
52,-1,2,2,1
52,-1,2,2,1
52,-1,2,2,1
52,262,2,2,0
52,-1,2,2,0
52,-1,2,2,0
52,-1,2,2,0
52,-1,2,2,0
52,-1,2,2,0
52,-1,2,2,0
52,-1,2,2,0
52,-1,2,2,0
52,-1,2,2,0
52,-1,2,2,0
52,-1,2,2,0
52,98,2,2,0
52,-1,2,2,0
52,-1,2,2,0
52,-1,2,2,0
52,-1,2,2,0
52,-1,2,2,0
52,-1,2,2,0
52,-1,2,2,0
52,-1,2,2,0
52,-1,2,2,0
52,-1,2,2,0
52,-1,2,2,0
52,-1,2,2,0
52,-1,2,2,0
52,-1,2,2,0
52,-1,2,2,0
52,-1,2,2,0
52,-1,2,2,0
52,-1,2,2,0
52,-1,2,2,0
52,250,2,2,0
52,-1,2,2,0
52,-1,2,2,0
52,-1,2,2,0
52,-1,2,2,0
52,-1,2,2,0
52,104,2,2,0
52,-1,2,2,0
52,185,2,2,1
52,-1,2,2,1
52,-1,2,2,1
52,-1,2,2,1
52,-1,2,2,1
52,-1,2,2,1
52,-1,2,2,1
52,-1,2,2,1
52,-1,2,2,1
52,-1,2,2,1
52,-1,2,2,1
52,-1,2,2,1
52,-1,2,2,1
52,-1,2,2,1
52,-1,2,2,1
52,-1,2,2,1
52,-1,2,2,1
52,-1,2,2,1
52,-1,2,2,1
52,-1,2,2,1
52,-1,2,2,1
52,319,2,2,1
52,331,2,2,1
52,-1,2,2,1
52,-1,2,2,1
52,346,2,2,0
52,-1,2,2,0
52,-1,2,2,0
52,-1,2,2,0
52,-1,2,2,0
52,-1,2,2,0
52,-1,2,2,0
52,146,2,2,0
52,-1,2,2,0
52,-1,2,2,0
52,-1,2,2,0
52,-1,2,2,0
52,-1,2,2,0
52,-1,2,2,0
52,-1,2,2,0
52,253,2,2,1
52,206,2,2,0
52,-1,2,2,0
52,-1,2,2,0
52,137,2,2,1
52,-1,2,2,1
52,-1,2,2,1
52,-1,2,2,1
52,-1,2,2,1
52,-1,2,2,1
52,-1,2,2,1
52,-1,2,2,1
52,-1,2,2,1
52,-1,2,2,1
52,-1,2,2,1
52,192,2,2,0
52,-1,2,2,0
52,-1,2,2,0
52,-1,2,2,0
52,-1,2,2,0
52,-1,2,2,0
52,-1,2,2,0
52,-1,2,2,0
52,-1,2,2,0
52,-1,2,2,0
52,-1,2,2,0
52,-1,2,2,0
52,-1,2,2,0
52,-1,2,2,0
52,-1,2,2,0
