Deck size,Moves,Variant,Winner
48,136,1,1
48,246,1,1
48,414,1,0
48,286,1,1
48,242,1,1
48,182,1,0
48,438,1,0
48,160,1,0
48,106,1,0
48,82,1,0
48,298,1,0
48,776,1,1
48,390,1,1
48,46,1,0
48,514,1,0
48,90,1,1
48,150,1,0
48,172,1,1
48,204,1,0
48,246,1,1
48,62,1,1
48,40,1,0
48,200,1,1
48,246,1,1
48,180,1,0
48,1012,1,1
48,86,1,0
48,206,1,1
48,232,1,1
48,80,1,0
48,676,1,0
48,48,1,0
48,130,1,1
48,494,1,1
48,154,1,0
48,668,1,0
48,562,1,1
48,130,1,0
48,76,1,1
48,280,1,1
48,132,1,0
48,341,1,0
48,126,1,0
48,360,1,1
48,385,1,1
48,272,1,1
48,172,1,0
48,136,1,1
48,350,1,0
48,519,1,0
48,150,1,1
48,260,1,1
48,728,1,0
48,184,1,0
48,701,1,1
48,72,1,0
48,134,1,1
48,255,1,1
48,92,1,1
48,186,1,1
48,64,1,0
48,162,1,1
48,292,1,0
48,110,1,1
48,104,1,0
48,391,1,1
48,290,1,1
48,194,1,0
48,134,1,1
48,304,1,1
48,139,1,0
48,532,1,1
48,274,1,0
48,160,1,1
48,170,1,1
48,242,1,1
48,572,1,0
48,152,1,0
48,136,1,1
48,78,1,1
48,90,1,0
48,471,1,1
48,238,1,0
48,382,1,0
48,88,1,0
48,454,1,1
48,526,1,0
48,168,1,0
48,162,1,1
48,570,1,0
48,418,1,1
48,123,1,0
48,74,1,1
48,261,1,1
48,66,1,0
48,246,1,0
48,224,1,0
48,130,1,0
48,108,1,0
48,398,1,1
48,312,1,1
48,1216,1,1
48,682,1,0
48,92,1,1
48,344,1,1
48,196,1,0
48,80,1,1
48,198,1,1
48,612,1,0
48,310,1,1
48,204,1,1
48,520,1,0
48,238,1,0
48,558,1,1
48,558,1,0
48,246,1,0
48,662,1,0
48,68,1,0
48,258,1,0
48,300,1,1
48,290,1,0
48,355,1,1
48,422,1,0
48,1243,1,1
48,234,1,1
48,72,1,1
48,226,1,1
48,74,1,0
48,146,1,0
48,764,1,0
48,396,1,0
48,86,1,0
48,258,1,0
48,448,1,0
48,132,1,1
48,158,1,1
48,158,1,1
48,257,1,1
48,658,1,0
48,80,1,1
48,206,1,0
48,248,1,1
48,152,1,1
48,350,1,1
48,182,1,0
48,124,1,1
48,446,1,1
48,478,1,1
48,124,1,1
48,212,1,1
48,89,1,1
48,238,1,1
48,145,1,1
48,224,1,0
48,74,1,1
48,134,1,0
48,516,1,0
48,620,1,0
48,104,1,0
48,314,1,0
48,206,1,1
48,246,1,1
48,107,1,0
48,427,1,1
48,140,1,1
48,214,1,1
48,96,1,1
48,329,1,0
48,495,1,0
48,204,1,0
48,276,1,0
48,724,1,0
48,130,1,1
48,198,1,1
48,362,1,1
48,94,1,1
48,144,1,0
48,105,1,1
48,290,1,0
48,122,1,0
48,66,1,1
48,270,1,1
48,366,1,0
48,398,1,0
48,203,1,1
48,190,1,0
48,112,1,0
48,122,1,1
48,280,1,0
48,152,1,0
48,182,1,0
48,100,1,0
48,88,1,0
48,686,1,0
48,256,1,0
48,187,1,0
48,294,1,0
48,152,1,0
48,146,1,0
48,442,1,1
48,512,1,1
48,413,1,0
48,380,1,0
48,296,1,1
48,220,1,0
48,54,1,0
48,664,1,0
48,186,1,1
48,336,1,1
48,192,1,1
48,406,1,1
48,886,1,0
48,192,1,0
48,266,1,0
48,68,1,1
48,220,1,1
48,128,1,0
48,132,1,0
48,282,1,0
48,383,1,0
48,356,1,0
48,172,1,0
48,300,1,0
48,76,1,0
48,98,1,0
48,134,1,0
48,112,1,1
48,986,1,1
48,112,1,1
48,76,1,0
48,296,1,0
48,210,1,1
48,102,1,0
48,260,1,1
48,190,1,1
48,426,1,0
48,628,1,1
48,136,1,0
48,150,1,1
48,368,1,1
48,338,1,1
48,257,1,1
48,282,1,0
48,42,1,1
48,208,1,0
48,326,1,0
48,292,1,0
48,44,1,1
48,331,1,1
48,230,1,0
48,919,1,0
48,72,1,1
48,374,1,0
48,350,1,0
48,422,1,0
48,486,1,0
48,330,1,0
48,472,1,1
48,189,1,1
48,1102,1,1
48,500,1,0
48,74,1,0
48,126,1,1
48,586,1,0
48,284,1,1
48,46,1,0
48,466,1,0
48,270,1,1
48,529,1,0
48,756,1,0
48,522,1,0
48,256,1,1
48,116,1,1
48,92,1,1
48,98,1,1
48,126,1,1
48,420,1,0
48,248,1,1
48,154,1,1
48,328,1,1
48,215,1,0
48,494,1,1
48,302,1,0
48,66,1,1
48,302,1,1
48,494,1,1
48,354,1,0
48,128,1,1
48,544,1,1
48,158,1,0
48,82,1,1
48,134,1,0
48,722,1,0
48,110,1,1
48,218,1,1
48,281,1,0
48,540,1,0
48,386,1,1
48,274,1,0
48,110,1,1
48,252,1,0
48,184,1,0
48,401,1,1
48,232,1,0
48,294,1,0
48,90,1,0
48,144,1,0
48,116,1,0
48,116,1,0
48,86,1,1
48,670,1,0
48,272,1,1
48,92,1,0
48,290,1,1
48,296,1,0
48,80,1,0
48,196,1,0
48,164,1,1
48,82,1,0
48,437,1,0
48,206,1,1
48,130,1,0
48,176,1,1
48,79,1,0
48,122,1,0
48,55,1,1
48,154,1,0
48,120,1,1
48,102,1,1
48,130,1,1
48,176,1,1
48,132,1,1
48,160,1,1
48,494,1,1
48,148,1,1
48,152,1,0
48,350,1,0
48,84,1,1
48,346,1,1
48,62,1,1
48,96,1,0
48,86,1,0
48,169,1,1
48,60,1,1
48,487,1,0
48,148,1,1
48,144,1,0
48,228,1,0
48,148,1,0
48,266,1,1
48,1212,1,1
48,62,1,1
48,78,1,0
48,537,1,0
48,260,1,1
48,286,1,1
48,326,1,0
48,670,1,0
48,202,1,1
48,196,1,0
48,372,1,1
48,208,1,0
48,409,1,0
48,370,1,1
48,665,1,0
48,226,1,1
48,154,1,0
48,318,1,1
48,134,1,0
48,72,1,0
48,132,1,1
48,94,1,1
48,318,1,0
48,408,1,1
48,158,1,1
48,218,1,0
48,216,1,0
48,130,1,0
48,297,1,0
48,440,1,1
48,106,1,1
48,190,1,1
48,88,1,0
48,398,1,0
48,506,1,1
48,282,1,0
48,527,1,1
48,256,1,1
48,141,1,1
48,269,1,0
48,170,1,1
48,224,1,1
48,372,1,0
48,370,1,1
48,192,1,1
48,70,1,1
48,161,1,0
48,324,1,0
48,345,1,0
48,503,1,0
48,326,1,1
48,236,1,1
48,504,1,0
48,226,1,0
48,118,1,1
48,332,1,1
48,92,1,1
48,130,1,1
48,378,1,0
48,108,1,0
48,368,1,1
48,94,1,1
48,236,1,1
48,220,1,0
48,885,1,1
48,296,1,1
48,108,1,0
48,360,1,1
48,291,1,0
48,346,1,0
48,212,1,0
48,205,1,0
48,302,1,1
48,250,1,0
48,397,1,1
48,1187,1,1
48,1073,1,1
48,536,1,1
48,816,1,1
48,154,1,0
48,234,1,0
48,94,1,0
48,258,1,0
48,78,1,0
48,404,1,0
48,525,1,1
48,260,1,0
48,136,1,1
48,274,1,0
48,532,1,0
48,513,1,0
48,1336,1,1
48,259,1,1
48,164,1,1
48,254,1,0
48,210,1,0
48,278,1,0
48,188,1,1
48,540,1,0
48,314,1,0
48,158,1,0
48,114,1,0
48,95,1,0
48,452,1,1
48,319,1,0
48,158,1,1
48,236,1,1
48,246,1,1
48,742,1,0
48,185,1,0
48,268,1,0
48,128,1,0
48,171,1,0
48,143,1,0
48,188,1,1
48,651,1,0
48,256,1,0
48,232,1,1
48,376,1,1
48,302,1,0
48,123,1,0
48,106,1,1
48,148,1,0
48,176,1,1
48,535,1,1
48,228,1,0
48,200,1,0
48,256,1,0
48,272,1,0
48,348,1,0
48,100,1,1
48,220,1,0
48,142,1,0
48,372,1,1
48,732,1,1
48,700,1,1
48,280,1,0
48,294,1,1
48,490,1,0
48,800,1,1
48,398,1,0
48,122,1,1
48,96,1,0
48,206,1,0
48,114,1,1
48,70,1,0
48,46,1,0
48,274,1,0
48,150,1,0
48,370,1,0
48,490,1,1
48,206,1,0
48,1078,1,1
48,922,1,1
48,46,1,0
48,453,1,1
48,827,1,1
48,429,1,0
48,156,1,1
48,538,1,0
48,130,1,1
48,204,1,1
48,326,1,0
48,134,1,1
48,664,1,1
48,411,1,1
48,446,1,1
48,72,1,0
48,712,1,1
48,166,1,1
48,316,1,0
48,470,1,1
48,1026,1,0
48,118,1,1
48,96,1,1
48,116,1,1
48,170,1,0
48,126,1,0
48,78,1,0
48,307,1,0
48,86,1,0
48,393,1,0
48,127,1,0
48,930,1,1
48,196,1,1
48,160,1,1
48,354,1,0
48,404,1,0
48,419,1,1
48,88,1,0
48,159,1,1
48,128,1,0
48,354,1,1
48,824,1,0
48,166,1,1
48,512,1,1
48,618,1,0
48,78,1,0
48,290,1,0
48,256,1,1
48,52,1,1
48,136,1,1
48,134,1,1
48,230,1,0
48,249,1,1
48,90,1,0
48,336,1,0
48,518,1,1
48,150,1,0
48,343,1,0
48,438,1,1
48,346,1,1
48,444,1,0
48,464,1,0
48,594,1,0
48,306,1,0
48,536,1,1
48,458,1,0
48,617,1,0
48,536,1,1
48,126,1,0
48,236,1,1
48,105,1,1
48,332,1,1
48,86,1,1
48,470,1,0
48,221,1,0
48,494,1,1
48,242,1,1
48,175,1,0
48,442,1,1
48,92,1,1
48,488,1,0
48,196,1,0
48,380,1,0
48,360,1,0
48,112,1,0
48,888,1,0
48,130,1,0
48,144,1,1
48,88,1,1
48,64,1,1
48,430,1,0
48,354,1,1
48,218,1,0
48,148,1,1
48,152,1,1
48,350,1,1
48,248,1,1
48,86,1,0
48,258,1,0
48,204,1,0
48,96,1,0
48,378,1,0
48,177,1,1
48,172,1,0
48,160,1,1
48,220,1,1
48,348,1,1
48,202,1,0
48,84,1,1
48,316,1,1
48,301,1,1
48,136,1,0
48,124,1,1
48,462,1,1
48,86,1,1
48,304,1,1
48,256,1,1
48,300,1,0
48,318,1,0
48,200,1,1
48,518,1,0
48,158,1,0
48,94,1,0
48,357,1,1
48,500,1,1
48,136,1,0
48,210,1,0
48,366,1,1
48,50,1,1
48,394,1,0
48,98,1,1
48,158,1,0
48,154,1,1
48,156,1,0
48,228,1,0
48,146,1,1
48,80,1,0
48,536,1,0
48,623,1,1
48,312,1,0
48,74,1,0
48,188,1,0
48,290,1,1
48,80,1,0
48,256,1,0
48,86,1,0
48,80,1,1
48,794,1,0
48,195,1,1
48,120,1,0
48,210,1,1
48,798,1,1
48,104,1,0
48,490,1,1
48,224,1,1
48,179,1,1
48,778,1,1
48,250,1,0
48,188,1,0
48,424,1,1
48,100,1,1
48,80,1,1
48,54,1,0
48,76,1,0
48,210,1,1
48,329,1,1
48,454,1,1
48,144,1,1
48,198,1,0
48,834,1,1
48,437,1,0
48,148,1,0
48,110,1,1
48,276,1,1
48,770,1,0
48,42,1,0
48,505,1,0
48,198,1,1
48,620,1,1
48,102,1,1
48,170,1,1
48,226,1,1
48,302,1,0
48,186,1,1
48,112,1,0
48,568,1,0
48,346,1,0
48,964,1,1
48,144,1,1
48,706,1,0
48,337,1,1
48,218,1,1
48,182,1,0
48,592,1,0
48,68,1,0
48,476,1,0
48,212,1,1
48,110,1,0
48,372,1,0
48,300,1,0
48,120,1,0
48,251,1,0
48,96,1,0
48,312,1,0
48,288,1,1
48,198,1,1
48,288,1,1
48,596,1,1
48,840,1,1
48,308,1,0
48,224,1,0
48,166,1,0
48,118,1,1
48,600,1,1
48,318,1,0
48,372,1,0
48,114,1,1
48,636,1,0
48,554,1,0
48,332,1,0
48,460,1,0
48,112,1,1
48,311,1,0
48,197,1,0
48,842,1,0
48,272,1,1
48,72,1,0
48,156,1,0
48,415,1,0
48,358,1,0
48,430,1,1
48,68,1,1
48,368,1,0
48,72,1,1
48,184,1,1
48,532,1,0
48,116,1,0
48,90,1,0
48,1046,1,1
48,332,1,1
48,208,1,1
48,195,1,1
48,720,1,1
48,272,1,1
48,124,1,0
48,98,1,0
48,872,1,1
48,75,1,0
48,427,1,1
48,467,1,1
48,278,1,1
48,119,1,0
48,539,1,1
48,996,1,1
48,152,1,1
48,162,1,0
48,166,1,1
48,134,1,0
48,312,1,0
48,156,1,1
48,164,1,1
48,180,1,0
48,292,1,0
48,124,1,0
48,138,1,0
48,762,1,0
48,250,1,0
48,821,1,0
48,136,1,1
48,136,1,0
48,354,1,1
48,481,1,1
48,496,1,0
48,996,1,1
48,192,1,0
48,144,1,0
48,146,1,0
48,696,1,1
48,502,1,0
48,64,1,1
48,437,1,0
48,640,1,1
48,440,1,1
48,132,1,0
48,384,1,1
48,100,1,1
48,132,1,0
48,267,1,0
48,124,1,1
48,533,1,0
48,126,1,0
48,106,1,1
48,114,1,1
48,422,1,1
48,308,1,1
48,68,1,0
48,316,1,0
48,216,1,1
48,182,1,1
48,372,1,1
48,409,1,0
48,90,1,1
48,390,1,0
48,96,1,0
48,278,1,1
48,144,1,1
48,245,1,1
48,174,1,0
48,126,1,0
48,306,1,0
48,100,1,0
48,236,1,0
48,66,1,0
48,512,1,1
48,370,1,1
48,268,1,0
48,784,1,1
48,474,1,0
48,144,1,0
48,174,1,1
48,268,1,1
48,80,1,0
48,488,1,1
48,332,1,1
48,182,1,0
48,216,1,1
48,162,1,1
48,746,1,1
48,181,1,1
48,734,1,0
48,82,1,0
48,436,1,0
48,510,1,0
48,198,1,0
48,142,1,1
48,68,1,0
48,496,1,1
48,148,1,0
48,328,1,0
48,327,1,0
48,58,1,0
48,214,1,0
48,90,1,1
48,226,1,0
48,218,1,0
48,177,1,0
48,356,1,0
48,392,1,1
48,152,1,1
48,178,1,0
48,784,1,0
48,168,1,1
48,110,1,0
48,200,1,1
48,54,1,1
48,286,1,1
48,204,1,1
48,1630,1,0
48,550,1,1
48,210,1,0
48,144,1,1
48,510,1,1
48,384,1,0
48,172,1,1
48,56,1,0
48,373,1,0
48,268,1,1
48,573,1,1
48,724,1,1
48,162,1,0
48,334,1,1
48,334,1,0
48,88,1,1
48,106,1,1
48,244,1,1
48,768,1,0
48,344,1,1
48,370,1,0
48,354,1,1
48,104,1,1
48,150,1,1
48,396,1,0
48,116,1,1
48,266,1,1
48,120,1,1
48,262,1,1
48,198,1,1
48,234,1,1
48,163,1,1
48,222,1,0
48,166,1,1
48,98,1,1
48,104,1,1
48,308,1,1
48,68,1,0
48,60,1,0
48,348,1,0
48,500,1,0
48,176,1,0
48,280,1,0
48,1056,1,0
48,457,1,0
48,416,1,1
48,510,1,1
48,792,1,1
48,594,1,0
48,216,1,1
48,508,1,0
48,248,1,1
48,168,1,0
48,564,1,0
48,156,1,0
48,112,1,1
48,43,1,0
48,314,1,1
48,112,1,0
48,688,1,0
48,290,1,1
48,92,1,1
48,176,1,0
48,162,1,0
48,96,1,1
48,228,1,1
48,62,1,1
48,363,1,1
48,176,1,1
48,266,1,0
48,376,1,1
48,190,1,0
48,58,1,0
48,532,1,0
48,942,1,0
48,159,1,1
48,156,1,1
48,126,1,0
48,66,1,0
48,117,1,0
48,202,1,1
48,475,1,1
48,164,1,1
48,307,1,0
48,192,1,1
48,60,1,1
48,218,1,0
48,180,1,0
48,328,1,0
48,236,1,0
48,346,1,0
48,402,1,0
48,370,1,1
48,178,1,0
48,102,1,1
48,623,1,1
48,283,1,1
48,470,1,1
48,46,1,1
48,258,1,0
48,805,1,0
48,118,1,1
48,218,1,0
48,322,1,0
48,56,1,1
48,84,1,0
48,440,1,0
48,322,1,0
48,1128,1,0
48,244,1,0
48,150,1,1
48,90,1,0
48,354,1,0
48,410,1,1
48,117,1,1
48,146,1,1
48,228,1,0
48,454,1,1
48,88,1,0
48,110,1,0
48,284,1,1
48,230,1,0
48,610,1,1
48,170,1,0
48,326,1,1
48,90,1,1
48,454,1,1
48,240,1,0
48,120,1,1
48,312,1,1
48,156,1,1
48,918,1,0
48,212,1,0
48,1570,1,1
48,108,1,1
48,130,1,0
48,698,1,0
48,336,1,0
48,186,1,1
48,426,1,1
48,269,1,0
